[1,0]<stdout>:     1048576           512   float            764.4    1.37    1.37  0e+00    11.74   89.29   89.12  1e+00
[1,0]<stdout>:     2097152          1024   float           1027.6    2.04    2.04  0e+00     8.90  235.70  235.24  1e+00
[1,0]<stdout>:     4194304          2048   float            683.4    6.14    6.13  0e+00    326.4   12.85   12.83  1e+00
[1,0]<stdout>:     8388608          4096   float           1165.9    7.20    7.18  0e+00     8.11  1034.94  1032.92  1e+00
[1,0]<stdout>:    16777216          8192   float           2993.8    5.60    5.59  0e+00     8.21  2044.02  2040.03  1e+00
[1,0]<stdout>:    33554432         16384   float           3511.6    9.56    9.54  0e+00    398.2   84.27   84.10  1e+00
[1,0]<stdout>:    67108864         32768   float           6588.5   10.19   10.17  0e+00    10.11  6637.27  6624.30  1e+00
[1,0]<stdout>:   134217728         65536   float           9820.3   13.67   13.64  0e+00     8.52  15760.76  15729.98  1e+00
[1,0]<stdout>:   268435456        131072   float            16635   16.14   16.11  0e+00    261.3  1027.16  1025.16  1e+00
[1,0]<stdout>:   536870912        262144   float            30972   17.33   17.30  0e+00    11.11  48328.43  48234.04  1e+00
[1,0]<stdout>:  1073741824        524288   float            57037   18.83   18.79  0e+00    10.47  102518.69  102318.46  1e+00
[1,0]<stdout>:  2147483648       1048576   float           111111   19.33   19.29  0e+00    492.6  4359.27  4350.75  1e+00
[1,0]<stdout>:  4294967296       2097152   float           214405   20.03   19.99  0e+00     9.30  461714.22  460812.44  1e+00
[1,0]<stdout>:# Out of bounds values : 0 OK
[1,0]<stdout>:# Avg bus bandwidth    : 13971.7 
[1,0]<stdout>:#
Tue Jan 11 06:39:41 UTC 2022
