[1,0]<stdout>:     1048576           512     float           2542.6    0.41    0.41  0e+00   2712.3    0.39    0.39  1e+00
[1,0]<stdout>:     2097152          1024     float           3320.9    0.63    0.63  0e+00   2479.9    0.85    0.84  1e+00
[1,0]<stdout>:     4194304          2048     float           2808.1    1.49    1.49  0e+00   3981.5    1.05    1.05  1e+00
[1,0]<stdout>:     8388608          4096     float           5973.0    1.40    1.40  0e+00    13921    0.60    0.60  1e+00
[1,0]<stdout>:    16777216          8192     float            11926    1.41    1.40  0e+00   4128.0    4.06    4.06  1e+00
[1,0]<stdout>:    33554432         16384     float           4553.1    7.37    7.36  0e+00   5424.1    6.19    6.17  1e+00
[1,0]<stdout>:    67108864         32768     float            10768    6.23    6.22  0e+00   9662.7    6.95    6.93  1e+00
[1,0]<stdout>:   134217728         65536     float            14770    9.09    9.07  0e+00    19150    7.01    6.99  1e+00
[1,0]<stdout>:   268435456        131072     float            22228   12.08   12.05  0e+00    23687   11.33   11.31  1e+00
[1,0]<stdout>:   536870912        262144     float            42110   12.75   12.72  0e+00    35974   14.92   14.89  1e+00
[1,0]<stdout>:  1073741824        524288     float            70684   15.19   15.16  0e+00    71251   15.07   15.04  1e+00
[1,0]<stdout>:  2147483648       1048576     float           130362   16.47   16.44  0e+00   130562   16.45   16.42  1e+00
[1,0]<stdout>:  4294967296       2097152     float           246847   17.40   17.37  0e+00   245826   17.47   17.44  1e+00
[1,0]<stdout>:# Out of bounds values : 0 OK
[1,0]<stdout>:# Avg bus bandwidth    : 5.55608 
[1,0]<stdout>:#
Tue Jan 11 13:20:03 UTC 2022
