    MSCCL:
         128            32     float     sum    15.08    0.01    0.01  1e-07    15.06    0.01    0.01  1e-07
         256            64     float     sum    15.90    0.02    0.03  1e-07    15.64    0.02    0.03  6e-08
         512           128     float     sum    16.48    0.03    0.05  6e-08    16.30    0.03    0.05  3e-08
        1024           256     float     sum    17.43    0.06    0.10  2e-07    16.18    0.06    0.11  2e-07
        2048           512     float     sum    19.03    0.11    0.19  2e-07    16.40    0.12    0.22  2e-07
        4096          1024     float     sum    22.00    0.19    0.33  2e-07    17.41    0.24    0.41  2e-07
        8192          2048     float     sum    22.48    0.36    0.64  2e-07    17.44    0.47    0.82  2e-07
       16384          4096     float     sum    24.84    0.66    1.15  2e-07    17.73    0.92    1.62  2e-07
       32768          8192     float     sum    32.00    1.02    1.79  2e-07    18.57    1.76    3.09  2e-07
       65536         16384     float     sum    36.21    1.81    3.17  2e-07    19.91    3.29    5.76  2e-07
      131072         32768     float     sum    38.77    3.38    5.92  2e-07    21.43    6.12   10.70  2e-07
      262144         65536     float     sum    43.94    5.97   10.44  2e-07    25.33   10.35   18.11  2e-07
      524288        131072     float     sum    55.44    9.46   16.55  2e-07    32.16   16.30   28.53  2e-07
     1048576        262144     float     sum    71.60   14.64   25.63  2e-07    38.08   27.54   48.19  2e-07
     2097152        524288     float     sum    92.11   22.77   39.85  2e-07    57.55   36.44   63.77  2e-07
     4194304       1048576     float     sum    108.6   38.61   67.57  2e-07    81.79   51.28   89.75  2e-07
     8388608       2097152     float     sum    161.7   51.87   90.77  2e-07    126.8   66.14  115.75  2e-07
    16777216       4194304     float     sum    259.0   64.77  113.34  2e-07    215.0   78.04  136.57  2e-07
    33554432       8388608     float     sum    379.5   88.43  154.75  2e-07    378.4   88.68  155.19  2e-07