
NCCL:
         128            32     float     sum    15.03    0.01    0.01  1e-07    15.01    0.01    0.01  1e-07
         256            64     float     sum    15.81    0.02    0.03  1e-07    15.57    0.02    0.03  6e-08
         512           128     float     sum    16.39    0.03    0.05  6e-08    16.29    0.03    0.05  6e-08
        1024           256     float     sum    17.34    0.06    0.10  2e-07    17.17    0.06    0.10  2e-07
        2048           512     float     sum    19.05    0.11    0.19  2e-07    18.66    0.11    0.19  2e-07
        4096          1024     float     sum    21.99    0.19    0.33  2e-07    20.60    0.20    0.35  2e-07
        8192          2048     float     sum    22.50    0.36    0.64  2e-07    21.06    0.39    0.68  2e-07
       16384          4096     float     sum    24.51    0.67    1.17  2e-07    24.14    0.68    1.19  2e-07
       32768          8192     float     sum    31.56    1.04    1.82  2e-07    31.69    1.03    1.81  2e-07
       65536         16384     float     sum    36.43    1.80    3.15  2e-07    36.02    1.82    3.18  2e-07
      131072         32768     float     sum    39.02    3.36    5.88  2e-07    38.46    3.41    5.96  2e-07
      262144         65536     float     sum    44.13    5.94   10.40  2e-07    43.85    5.98   10.46  2e-07
      524288        131072     float     sum    55.70    9.41   16.47  2e-07    55.60    9.43   16.50  2e-07
     1048576        262144     float     sum    71.85   14.59   25.54  2e-07    71.80   14.60   25.56  2e-07
     2097152        524288     float     sum    91.13   23.01   40.27  2e-07    91.11   23.02   40.28  2e-07
     4194304       1048576     float     sum    106.4   39.40   68.96  2e-07    106.4   39.40   68.96  2e-07
     8388608       2097152     float     sum    156.8   53.48   93.59  2e-07    154.4   54.33   95.07  2e-07
    16777216       4194304     float     sum    258.7   64.86  113.50  2e-07    255.3   65.71  114.99  2e-07
    33554432       8388608     float     sum    379.5   88.41  154.71  2e-07    379.4   88.44  154.77  2e-07