MSCCL:
             128            32     float     sum    15.00    0.01    0.01  1e-07    14.96    0.01    0.01  1e-07
         256            64     float     sum    15.74    0.02    0.03  1e-07    15.55    0.02    0.03  6e-08
         512           128     float     sum    16.44    0.03    0.05  6e-08    16.46    0.03    0.05  3e-08
        1024           256     float     sum    17.35    0.06    0.10  2e-07    16.28    0.06    0.11  2e-07
        2048           512     float     sum    18.97    0.11    0.19  2e-07    16.45    0.12    0.22  2e-07
        4096          1024     float     sum    21.83    0.19    0.33  2e-07    17.42    0.24    0.41  2e-07
        8192          2048     float     sum    22.32    0.37    0.64  2e-07    17.40    0.47    0.82  2e-07
       16384          4096     float     sum    24.61    0.67    1.16  2e-07    17.78    0.92    1.61  2e-07
       32768          8192     float     sum    31.99    1.02    1.79  2e-07    18.51    1.77    3.10  2e-07
       65536         16384     float     sum    36.31    1.80    3.16  2e-07    19.83    3.30    5.78  2e-07
      131072         32768     float     sum    38.92    3.37    5.89  2e-07    22.69    5.78   10.11  2e-07
      262144         65536     float     sum    44.22    5.93   10.37  2e-07    28.03    9.35   16.37  2e-07
      524288        131072     float     sum    55.62    9.43   16.50  2e-07    41.35   12.68   22.19  2e-07
     1048576        262144     float     sum    72.73   14.42   25.23  2e-07    67.15   15.61   27.33  2e-07